2.73E+06
2.65E-04
2.78E+06
2.83E+06
2.80E-04
2.78E+06
2.65E+06
0.00028
2.63E+06
0.000275
2.77E+06
2.73E-04
2.85E+06
2.82E+07
2.83E+06
2.50E-04
2.82E-05
2.72E+06
5.50E+05
2.77E+06
2.75E+06
0.00028
3.08E-18
5.83E-07
1.37E-03
2.80E-05
2.77E+08
2.78E-04
2.83E+08
2.83E+08
2.83E-20
3.33E+04
2.67E-06
2.33E+08
2.75E-05
1.03E+07
2.97E-04
2.53E+08
3.22E-06
3.33E+08
2.65E+08
1.03E+07
2.50E+06
2.82E+06
0.000256667
2.83E-04
2.83E-04
2.83E-04
2.83E-04
2.33E+06
2.78E+05
2.77E-04
2.75E+06
2.95E+06
0.000253333
2.83E+06
0.000256667
2.50E-04
3.13E+06
2.67E-04
3.22E+06
3.33E+06
3.17E+06
7.83E-08
2.80E+06
9.33E+05
2.33E+06
0.000253333
3.33E-04
1.39E-03
3.50E+06
3.13E-04
2.77E-04
3.33E+07
0.000325
3.50E+08
5.00E+05
3.50E+06
0.000316667
2.78E+06
1.40E-03
2.83E-04
2.60E+06
2.57E-05
2.78E+06
2.75E+06
2.55E-04
2.58E-18
1.17E+06
2.50E-04
2.33E-04
2.67E-04
0.0003
2.37E-04
2.63E+06
2.73E+08
2.70E+06
1.67E-07
3.00E-04
3.00E-04
2.70E-04
2.77E+06
2.62E+06
1.42E-04
1.67E+07
0.000833333
1.20E-04
2.75E-04
2.77E-04
2.83E+06
2.67E+04
2.83E-06
4.00E+08
3.67E-04
3.15E+08
2.93E-04
2.58E+08
2.68E+06
2.87E+06
2.82E+06
5.17E+08
2.68E+06
2.65E-04
5.67E+07
1.45E-03
8.67E+06
1.30E-03
4.33E+05
8.83E+05
2.83E-16
2.67E-04
2.82E-05
