0.00025
1.2732e-05
0.0021589
1204600000
6365200000
2563300
400130000
4.7875e-07
1527.1
1.7346e-06
0.30222
0.42264
4.6216e-08
5118700
0.01192
65504000
4.8349e-05
2.3657e-17
0.00058275
0.0020585
3491.1
2679900
3262300
10300000
7.0458e-05
671870
1.0518e-06
80510000
0.00045742
1.0204e-05
1.4287E
3500000
0.000325
2944.4
253000000
79673000
0.010818
552660000
2898700
0.0076365
4913300
34298000
7.061e-06
1331
1116400
5523800
0.81631
37598000
1132200000
0.98498
5.2991e-06
0.0020217
8070200
1.4869e-05
0.55976
40974000
1072100
3500000
0.000325
3500000
0.000325
60854000
0.00035467
38554
161220000
195070
18049
5229.2
143120000
9.2104e-08
5.0667e-07
6468000000
73997
2.1456e-09
2233800
118340
253020
5.5248e-07
12416
0.11221
7.9957e-08
4027
2730000
4.0934e-07
0.28119
166610
269720
2523000000
13730000
0.00037239
1.1291e-19
2.97e-06
10032000000
2.0175e-05
283000000
283000000
2.9946e-19
5.906e-08
0.00064421
1.6721e-07
5551900
5.9288e-15
1.6338e-07
3.0972e-05
1550300
333300000
6.6664e-06
387070000
14640
4027.3
81788000
0.15443
68775000000
